Slice 1:
([[2]], 0)
([[0]], 0)
([[1]], 0)
([[3]], 0)
([[1], [2]], 0.5)
([[0], [1]], 0.5)
([[0], [3]], 0.3125)
([[2], [3]], 0.3125)
([[1], [3]], 0.5625)
([[0], [1], [3]], 0.625)
([[1], [2], [3]], 0.625)
Slice 2:
([[1, 2]], 0.5)
([[2, 3]], 0.3125)
([[0, 1]], 0.5)
([[0, 3]], 0.3125)
([[1, 3]], 0.5625)
([[0, 3], [2, 3]], 1)
([[0, 1], [1, 2]], 1.5625)
([[1, 2], [1, 3]], 0.625)
([[1, 2], [2, 3]], 0.625)
([[1, 3], [2, 3]], 0.625)
([[0, 1], [0, 3]], 0.625)
([[0, 1], [1, 3]], 0.625)
([[0, 3], [1, 3]], 0.625)
([[0, 1], [1, 2], [1, 3]], 1.5625)
([[0, 3], [1, 3], [2, 3]], 1)
([[0, 1], [0, 3], [1, 3]], 0.625)
([[1, 2], [1, 3], [2, 3]], 0.625)
Slice 3:
([[0, 1, 2]], 1.5625)
([[1, 2, 3]], 0.625)
([[0, 2, 3]], 1)
([[0, 1, 3]], 0.625)
([[0, 1, 3], [0, 2, 3]], 1)
([[0, 2, 3], [1, 2, 3]], 1)
([[0, 1, 2], [0, 1, 3]], 1.5625)
([[0, 1, 2], [1, 2, 3]], 1.5625)
([[0, 1, 3], [1, 2, 3]], 1)
([[0, 1, 2], [0, 1, 3], [1, 2, 3]], 1.5625)
([[0, 1, 3], [0, 2, 3], [1, 2, 3]], 1)
Slice 4:
([[0, 1, 2, 3]], 1)
