Slice 1:
([[3]], 0)
([[11]], 0)
([[15]], 0)
([[14]], 0)
([[13]], 0)
([[10]], 0)
([[4]], 0)
([[2]], 0)
([[0]], 0)
([[6]], 0)
([[17]], 0)
([[9]], 0)
([[7]], 0)
([[8]], 0)
([[12]], 0)
([[16]], 0)
([[1]], 0)
([[5]], 0)
([[15], [17]], 18.9238)
([[14], [15]], 1.46984)
([[12], [16]], 18.9153)
([[2], [16]], 1.43173)
([[1], [17]], 0.240614)
([[11], [17]], 1.10521)
([[4], [14]], 1.60065)
([[5], [9]], 0.486425)
([[4], [12]], 1.66598)
([[4], [6]], 0.486465)
([[6], [12]], 0.295103)
([[5], [11]], 0.528567)
([[1], [11]], 0.46335)
([[11], [13]], 1.8383)
([[4], [8]], 0.486509)
([[3], [13]], 1.70378)
([[8], [9]], 0.486461)
([[0], [16]], 0.240562)
([[2], [10]], 0.381598)
([[12], [13]], 1.46984)
([[5], [7]], 0.486377)
([[1], [15]], 1.38502)
([[3], [17]], 1.43144)
([[6], [9]], 1.94553)
([[2], [14]], 1.70401)
([[7], [12]], 1.44144)
([[8], [14]], 0.295326)
([[4], [10]], 0.528638)
([[0], [10]], 0.463322)
([[10], [14]], 1.83881)
([[6], [8]], 1.94551)
([[5], [6]], 1.94486)
([[10], [16]], 1.10529)
([[3], [11]], 0.381667)
([[6], [7]], 0.486392)
([[7], [13]], 0.295326)
([[5], [13]], 1.60064)
([[0], [4]], 1.60547)
([[5], [15]], 1.66676)
([[1], [5]], 1.6054)
([[0], [12]], 1.38514)
([[9], [15]], 0.295077)
([[8], [15]], 1.44132)
([[2], [10], [14]], 1.87535)
([[4], [6], [8]], 1.94551)
([[6], [8], [9]], 1.94553)
([[0], [4], [12]], 1.75634)
([[4], [6], [12]], 1.66598)
([[0], [4], [10]], 1.60547)
([[0], [10], [16]], 1.10529)
([[5], [6], [7]], 1.94486)
([[5], [7], [13]], 1.60064)
([[6], [7], [12]], 1.44144)
([[1], [5], [15]], 1.75629)
([[8], [9], [15]], 1.44132)
([[1], [5], [11]], 1.6054)
([[5], [6], [9]], 1.94553)
([[4], [8], [14]], 1.60065)
([[5], [11], [13]], 1.8383)
([[7], [12], [13]], 1.46984)
([[5], [9], [15]], 1.66676)
([[1], [11], [17]], 1.10521)
([[2], [10], [16]], 1.43173)
([[0], [12], [16]], 18.9153)
([[8], [14], [15]], 1.46984)
([[3], [11], [17]], 1.43144)
([[4], [10], [14]], 1.83881)
([[1], [15], [17]], 18.9238)
([[3], [11], [13]], 1.87499)
Slice 2:
([[1, 17]], 0.240614)
([[11, 17]], 1.10521)
([[11, 13]], 1.8383)
([[3, 13]], 1.70378)
([[4, 14]], 1.60065)
([[8, 14]], 0.295326)
([[5, 9]], 0.486425)
([[0, 12]], 1.38514)
([[12, 16]], 18.9153)
([[12, 13]], 1.46984)
([[4, 12]], 1.66598)
([[5, 6]], 1.94486)
([[5, 13]], 1.60064)
([[6, 9]], 1.94553)
([[2, 16]], 1.43173)
([[4, 8]], 0.486509)
([[6, 8]], 1.94551)
([[0, 16]], 0.240562)
([[1, 5]], 1.6054)
([[2, 10]], 0.381598)
([[4, 10]], 0.528638)
([[5, 15]], 1.66676)
([[3, 11]], 0.381667)
([[0, 4]], 1.60547)
([[4, 6]], 0.486465)
([[0, 10]], 0.463322)
([[1, 15]], 1.38502)
([[6, 12]], 0.295103)
([[10, 14]], 1.83881)
([[3, 17]], 1.43144)
([[10, 16]], 1.10529)
([[8, 9]], 0.486461)
([[5, 7]], 0.486377)
([[2, 14]], 1.70401)
([[7, 13]], 0.295326)
([[14, 15]], 1.46984)
([[7, 12]], 1.44144)
([[9, 15]], 0.295077)
([[15, 17]], 18.9238)
([[1, 11]], 0.46335)
([[6, 7]], 0.486392)
([[8, 15]], 1.44132)
([[5, 11]], 0.528567)
([[3, 13], [3, 17]], 100.572)
([[5, 7], [5, 9]], 1.45935)
([[14, 15], [15, 17]], 242.409)
([[0, 12], [6, 12]], 1.78638)
([[7, 13], [11, 13]], 2.02835)
([[9, 15], [14, 15]], 1.49811)
([[1, 5], [5, 9]], 1.79832)
([[8, 14], [10, 14]], 2.02931)
([[0, 10], [0, 12]], 1.87274)
([[0, 4], [4, 6]], 1.79878)
([[1, 11], [1, 15]], 1.87271)
([[2, 14], [8, 14]], 2.08971)
([[4, 6], [6, 7]], 1.45949)
([[4, 6], [4, 10]], 1.52243)
([[8, 9], [8, 14]], 1.14817)
([[3, 13], [11, 13]], 1.87499)
([[1, 15], [15, 17]], 18.9238)
([[3, 11], [3, 17]], 1.43144)
([[3, 17], [11, 17]], 1.43144)
([[8, 14], [8, 15]], 1.46871)
([[8, 14], [14, 15]], 1.46984)
([[8, 15], [14, 15]], 1.46984)
([[0, 12], [0, 16]], 2.6948)
([[1, 15], [14, 15]], 25.8138)
([[3, 11], [11, 13]], 1.87499)
([[0, 12], [12, 16]], 18.9153)
([[4, 10], [10, 14]], 1.83881)
([[6, 12], [7, 12]], 1.44144)
([[4, 6], [5, 6]], 1.9457)
([[1, 5], [5, 15]], 1.75629)
([[1, 5], [1, 15]], 1.75629)
([[7, 13], [12, 13]], 1.46984)
([[3, 11], [3, 13]], 1.87499)
([[4, 10], [4, 14]], 1.82731)
([[5, 7], [5, 13]], 1.60064)
([[5, 6], [6, 7]], 1.94486)
([[5, 7], [6, 7]], 1.45898)
([[0, 4], [0, 10]], 1.60547)
([[3, 13], [7, 13]], 2.08961)
([[4, 8], [8, 9]], 1.45936)
([[2, 14], [14, 15]], 39.7895)
([[2, 10], [4, 10]], 1.43094)
([[0, 16], [10, 16]], 1.10529)
([[4, 6], [6, 9]], 1.94556)
([[6, 7], [7, 13]], 1.14807)
([[1, 5], [5, 11]], 1.6054)
([[1, 5], [1, 11]], 1.6054)
([[0, 10], [0, 16]], 0.9523)
([[5, 6], [5, 9]], 1.94553)
([[0, 4], [4, 12]], 1.75634)
([[4, 6], [4, 12]], 1.66598)
([[3, 11], [5, 11]], 1.4311)
([[4, 8], [8, 14]], 1.17347)
([[5, 7], [7, 13]], 1.17334)
([[0, 10], [10, 16]], 1.10529)
([[0, 12], [4, 12]], 1.75634)
([[0, 4], [4, 10]], 1.60547)
([[4, 6], [6, 8]], 1.94551)
([[6, 7], [7, 12]], 1.44144)
([[0, 12], [12, 13]], 25.8058)
([[0, 16], [12, 16]], 18.9153)
([[2, 10], [10, 14]], 1.87535)
([[1, 15], [1, 17]], 2.69484)
([[4, 6], [4, 8]], 1.45935)
([[1, 17], [3, 17]], 1.79878)
([[5, 9], [6, 9]], 1.94553)
([[5, 7], [5, 11]], 1.52174)
([[2, 10], [2, 14]], 1.87535)
([[6, 7], [6, 12]], 1.13236)
([[4, 12], [6, 12]], 1.66598)
([[0, 10], [4, 10]], 1.37057)
([[1, 11], [5, 11]], 1.37051)
([[4, 8], [6, 8]], 1.94551)
([[6, 9], [8, 9]], 1.94553)
([[3, 13], [12, 13]], 39.7744)
([[5, 9], [8, 9]], 1.45935)
([[3, 11], [11, 17]], 1.42355)
([[1, 11], [11, 17]], 1.10521)
([[4, 14], [10, 14]], 1.83881)
([[2, 16], [10, 16]], 1.43173)
([[6, 8], [8, 9]], 1.94553)
([[5, 13], [7, 13]], 1.60064)
([[6, 8], [6, 9]], 1.94553)
([[1, 17], [15, 17]], 18.9238)
([[5, 15], [9, 15]], 1.66676)
([[2, 14], [10, 14]], 1.87535)
([[4, 6], [6, 12]], 1.18762)
([[0, 4], [0, 12]], 1.75634)
([[8, 9], [8, 15]], 1.44132)
([[1, 15], [9, 15]], 1.78598)
([[8, 9], [9, 15]], 1.13236)
([[2, 10], [10, 16]], 1.42377)
([[8, 15], [9, 15]], 1.44132)
([[5, 6], [6, 9]], 1.94553)
([[2, 14], [2, 16]], 100.746)
([[4, 14], [8, 14]], 1.60065)
([[0, 16], [2, 16]], 1.79922)
([[6, 12], [12, 13]], 1.49799)
([[1, 15], [5, 15]], 1.75629)
([[5, 11], [11, 13]], 1.8383)
([[5, 9], [9, 15]], 1.18772)
([[1, 11], [3, 11]], 1.29161)
([[12, 13], [12, 16]], 242.019)
([[0, 10], [2, 10]], 1.2916)
([[5, 13], [11, 13]], 1.8383)
([[1, 17], [11, 17]], 1.10521)
([[5, 9], [5, 11]], 1.52213)
([[4, 8], [4, 10]], 1.52218)
([[5, 11], [5, 13]], 1.82684)
([[5, 6], [5, 7]], 1.94486)
([[7, 12], [12, 13]], 1.46984)
([[7, 12], [7, 13]], 1.46872)
([[4, 8], [4, 14]], 1.60065)
([[5, 9], [5, 15]], 1.66676)
([[2, 10], [2, 16]], 1.43173)
([[1, 11], [1, 17]], 0.952332)
([[8, 9], [8, 14], [8, 15]], 1.46871)
([[2, 10], [4, 10], [10, 14]], 1.93792)
([[4, 6], [4, 8], [4, 10]], 2.00214)
([[0, 10], [2, 10], [10, 16]], 1.43736)
([[2, 10], [2, 14], [2, 16]], 100.746)
([[4, 6], [6, 7], [6, 12]], 1.69246)
([[0, 12], [12, 13], [12, 16]], 242.019)
([[6, 12], [7, 12], [12, 13]], 1.49799)
([[2, 14], [8, 14], [14, 15]], 39.7895)
([[6, 7], [7, 12], [7, 13]], 1.46872)
([[1, 5], [1, 11], [1, 15]], 1.87271)
([[0, 4], [4, 6], [4, 10]], 1.81191)
([[4, 8], [8, 9], [8, 14]], 1.69292)
([[0, 10], [0, 12], [0, 16]], 2.69987)
([[4, 14], [8, 14], [10, 14]], 2.02931)
([[8, 15], [9, 15], [14, 15]], 1.49811)
([[5, 9], [8, 9], [9, 15]], 1.69242)
([[1, 11], [3, 11], [11, 17]], 1.4372)
([[3, 13], [7, 13], [11, 13]], 2.08961)
([[0, 4], [0, 10], [0, 12]], 1.87274)
([[0, 16], [2, 16], [10, 16]], 1.79922)
([[0, 12], [6, 12], [12, 13]], 25.8058)
([[5, 13], [7, 13], [11, 13]], 2.02835)
([[0, 4], [4, 6], [4, 12]], 1.79878)
([[5, 9], [6, 9], [8, 9]], 1.94564)
([[1, 15], [5, 15], [9, 15]], 1.78936)
([[1, 5], [5, 9], [5, 15]], 1.79832)
([[5, 7], [6, 7], [7, 13]], 1.69263)
([[4, 8], [4, 10], [4, 14]], 1.82731)
([[5, 7], [5, 11], [5, 13]], 1.82684)
([[2, 14], [8, 14], [10, 14]], 2.08971)
([[1, 15], [14, 15], [15, 17]], 242.409)
([[1, 11], [3, 11], [5, 11]], 1.82079)
([[4, 6], [5, 6], [6, 9]], 1.9457)
([[5, 6], [5, 7], [5, 9]], 1.94553)
([[3, 11], [5, 11], [11, 13]], 1.93781)
([[1, 17], [3, 17], [11, 17]], 1.79878)
([[0, 10], [2, 10], [4, 10]], 1.82073)
([[1, 5], [5, 9], [5, 11]], 1.81154)
([[1, 11], [1, 15], [1, 17]], 2.69991)
([[4, 8], [6, 8], [8, 9]], 1.94553)
([[0, 12], [4, 12], [6, 12]], 1.78973)
([[1, 15], [9, 15], [14, 15]], 25.8138)
([[3, 11], [3, 13], [3, 17]], 100.572)
([[5, 7], [5, 9], [5, 11]], 2.00181)
([[3, 13], [7, 13], [12, 13]], 39.7744)
([[4, 6], [6, 8], [6, 9]], 1.94556)
([[4, 6], [5, 6], [6, 7]], 1.9457)
([[2, 10], [2, 14], [10, 14]], 1.87535)
([[4, 6], [4, 8], [6, 8]], 1.94551)
([[6, 8], [6, 9], [8, 9]], 1.94553)
([[0, 4], [0, 12], [4, 12]], 1.75634)
([[4, 6], [4, 12], [6, 12]], 1.66598)
([[0, 4], [0, 10], [4, 10]], 1.60547)
([[0, 10], [0, 16], [10, 16]], 1.10529)
([[5, 6], [5, 7], [6, 7]], 1.94486)
([[5, 7], [5, 13], [7, 13]], 1.60064)
([[6, 7], [6, 12], [7, 12]], 1.44144)
([[1, 5], [1, 15], [5, 15]], 1.75629)
([[8, 9], [8, 15], [9, 15]], 1.44132)
([[1, 5], [1, 11], [5, 11]], 1.6054)
([[5, 6], [5, 9], [6, 9]], 1.94553)
([[4, 8], [4, 14], [8, 14]], 1.60065)
([[5, 11], [5, 13], [11, 13]], 1.8383)
([[7, 12], [7, 13], [12, 13]], 1.46984)
([[5, 9], [5, 15], [9, 15]], 1.66676)
([[1, 11], [1, 17], [11, 17]], 1.10521)
([[2, 10], [2, 16], [10, 16]], 1.43173)
([[0, 12], [0, 16], [12, 16]], 18.9153)
([[8, 14], [8, 15], [14, 15]], 1.46984)
([[3, 11], [3, 17], [11, 17]], 1.43144)
([[4, 10], [4, 14], [10, 14]], 1.83881)
([[1, 15], [1, 17], [15, 17]], 18.9238)
([[3, 11], [3, 13], [11, 13]], 1.87499)
Slice 3:
([[3, 13, 17]], 100.572)
([[5, 9, 11]], 1.52213)
([[3, 11, 13]], 1.87499)
([[4, 10, 14]], 1.82731)
([[3, 11, 17]], 1.42355)
([[8, 14, 15]], 1.46871)
([[9, 14, 15]], 1.49811)
([[1, 11, 17]], 0.952332)
([[2, 4, 10]], 1.43094)
([[0, 4, 6]], 1.79878)
([[5, 7, 13]], 1.17334)
([[4, 6, 7]], 1.45949)
([[7, 12, 13]], 1.46872)
([[4, 8, 10]], 1.52218)
([[4, 8, 14]], 1.17347)
([[4, 6, 8]], 1.45935)
([[5, 11, 13]], 1.82684)
([[0, 4, 12]], 1.75634)
([[5, 6, 9]], 1.94553)
([[0, 12, 16]], 2.6948)
([[5, 9, 15]], 1.18772)
([[3, 12, 13]], 39.7744)
([[1, 5, 11]], 1.37051)
([[8, 9, 15]], 1.13236)
([[8, 9, 14]], 1.14817)
([[6, 8, 9]], 1.94553)
([[1, 11, 15]], 1.87271)
([[8, 10, 14]], 2.02931)
([[4, 6, 12]], 1.18762)
([[7, 11, 13]], 2.02835)
([[0, 10, 16]], 0.9523)
([[0, 4, 10]], 1.37057)
([[2, 10, 14]], 1.87535)
([[1, 15, 17]], 2.69484)
([[6, 7, 12]], 1.13236)
([[0, 6, 12]], 1.78638)
([[2, 10, 16]], 1.42377)
([[4, 6, 10]], 1.52243)
([[5, 7, 11]], 1.52174)
([[0, 2, 10]], 1.2916)
([[2, 14, 16]], 100.746)
([[4, 8, 9]], 1.45936)
([[0, 10, 12]], 1.87274)
([[12, 13, 16]], 242.019)
([[0, 12, 13]], 25.8058)
([[5, 7, 9]], 1.45935)
([[6, 12, 13]], 1.49799)
([[3, 7, 13]], 2.08961)
([[2, 14, 15]], 39.7895)
([[2, 8, 14]], 2.08971)
([[6, 7, 13]], 1.14807)
([[5, 8, 9]], 1.45935)
([[1, 5, 15]], 1.75629)
([[5, 6, 7]], 1.45898)
([[1, 3, 11]], 1.29161)
([[1, 3, 17]], 1.79878)
([[1, 14, 15]], 25.8138)
([[1, 5, 9]], 1.79832)
([[0, 2, 16]], 1.79922)
([[1, 9, 15]], 1.78598)
([[14, 15, 17]], 242.409)
([[3, 5, 11]], 1.4311)
([[4, 6, 9]], 1.94556)
([[4, 5, 6]], 1.9457)
([[2, 8, 14], [8, 9, 14]], 6.80315)
([[5, 7, 9], [5, 8, 9]], 1.94603)
([[4, 8, 9], [5, 8, 9]], 1.9457)
([[0, 4, 10], [0, 10, 16]], 2.57272)
([[5, 6, 7], [6, 7, 12]], 2.88236)
([[4, 6, 7], [4, 6, 8]], 1.94603)
([[1, 14, 15], [8, 14, 15]], 11946.6)
([[1, 9, 15], [8, 9, 15]], 5.25816)
([[0, 6, 12], [6, 7, 12]], 5.2589)
([[3, 7, 13], [6, 7, 13]], 6.80209)
([[2, 4, 10], [4, 6, 10]], 3.29755)
([[2, 4, 10], [4, 8, 10]], 2.07061)
([[4, 6, 8], [4, 8, 14]], 2.90424)
([[4, 8, 9], [8, 9, 15]], 2.88277)
([[0, 12, 13], [7, 12, 13]], 11849.8)
([[4, 5, 6], [4, 6, 7]], 1.9457)
([[4, 6, 10], [4, 6, 12]], 1.85786)
([[3, 7, 13], [3, 12, 13]], 39.7744)
([[3, 5, 11], [5, 9, 11]], 3.29755)
([[4, 5, 6], [5, 6, 7]], 1.9457)
([[0, 4, 10], [0, 10, 12]], 1.87274)
([[1, 5, 9], [1, 5, 11]], 1.81154)
([[1, 9, 15], [1, 15, 17]], 3.8284)
([[3, 7, 13], [3, 11, 13]], 2.08961)
([[0, 2, 10], [0, 4, 10]], 1.82073)
([[1, 11, 15], [1, 15, 17]], 2.69991)
([[3, 5, 11], [5, 7, 11]], 2.07046)
([[3, 11, 13], [7, 11, 13]], 2.08234)
([[5, 9, 11], [5, 9, 15]], 1.85785)
([[1, 3, 11], [1, 11, 17]], 1.4372)
([[8, 9, 15], [9, 14, 15]], 1.49811)
([[2, 4, 10], [2, 10, 14]], 1.93792)
([[5, 7, 9], [5, 7, 13]], 2.90421)
([[5, 6, 7], [6, 7, 13]], 1.69263)
([[3, 7, 13], [7, 11, 13]], 2.08961)
([[0, 10, 12], [0, 12, 16]], 2.69987)
([[1, 5, 11], [1, 11, 17]], 2.57269)
([[4, 8, 9], [6, 8, 9]], 1.94553)
([[0, 10, 16], [0, 12, 16]], 2.69987)
([[8, 9, 15], [8, 14, 15]], 1.46871)
([[2, 8, 14], [4, 8, 14]], 2.15505)
([[5, 7, 9], [5, 7, 11]], 2.00181)
([[0, 4, 10], [4, 6, 10]], 1.81191)
([[0, 10, 16], [2, 10, 16]], 1.43736)
([[1, 9, 15], [1, 11, 15]], 2.02972)
([[1, 5, 11], [1, 5, 15]], 1.85949)
([[0, 4, 6], [4, 6, 10]], 1.81191)
([[2, 10, 16], [2, 14, 16]], 100.746)
([[5, 7, 11], [5, 7, 13]], 1.82675)
([[2, 10, 14], [4, 10, 14]], 1.93792)
([[6, 12, 13], [7, 12, 13]], 1.49799)
([[8, 9, 14], [8, 9, 15]], 1.46805)
([[6, 7, 12], [7, 12, 13]], 1.46872)
([[1, 3, 11], [3, 11, 13]], 6.3907)
([[1, 5, 15], [1, 11, 15]], 1.87271)
([[4, 6, 10], [4, 8, 10]], 2.00214)
([[0, 10, 12], [0, 10, 16]], 2.69987)
([[8, 9, 14], [8, 14, 15]], 1.46871)
([[5, 6, 9], [5, 7, 9]], 1.94553)
([[0, 4, 12], [0, 10, 12]], 1.87274)
([[4, 5, 6], [4, 6, 8]], 1.94584)
([[4, 6, 7], [6, 7, 12]], 1.69246)
([[2, 14, 15], [8, 14, 15]], 39.7895)
([[4, 6, 7], [4, 6, 12]], 1.69246)
([[3, 5, 11], [5, 11, 13]], 1.93781)
([[0, 4, 12], [0, 6, 12]], 1.78973)
([[0, 4, 6], [0, 4, 10]], 1.81191)
([[1, 11, 17], [1, 15, 17]], 2.69991)
([[1, 5, 11], [1, 11, 15]], 1.87271)
([[3, 11, 13], [3, 13, 17]], 100.572)
([[0, 4, 10], [0, 4, 12]], 1.85948)
([[0, 2, 10], [2, 10, 14]], 6.39277)
([[4, 8, 14], [4, 10, 14]], 1.82731)
([[2, 10, 14], [2, 10, 16]], 7.35309)
([[5, 6, 7], [5, 6, 9]], 1.94553)
([[4, 8, 14], [8, 9, 14]], 1.69292)
([[4, 6, 12], [6, 7, 12]], 1.69246)
([[4, 6, 8], [4, 6, 10]], 2.00214)
([[1, 5, 9], [5, 9, 15]], 1.79832)
([[0, 12, 16], [12, 13, 16]], 242.019)
([[0, 12, 13], [12, 13, 16]], 242.019)
([[1, 5, 15], [1, 9, 15]], 1.78936)
([[0, 2, 16], [2, 10, 16]], 1.79922)
([[5, 9, 15], [8, 9, 15]], 1.69242)
([[5, 7, 11], [5, 9, 11]], 2.00181)
([[3, 7, 13], [7, 12, 13]], 8.06875)
([[6, 7, 12], [6, 12, 13]], 1.49799)
([[1, 5, 9], [5, 9, 11]], 1.81154)
([[2, 8, 14], [2, 14, 15]], 39.7895)
([[3, 7, 13], [5, 7, 13]], 2.15592)
([[6, 7, 12], [6, 7, 13]], 1.46805)
([[1, 5, 11], [5, 9, 11]], 1.81154)
([[2, 10, 14], [2, 14, 16]], 100.746)
([[4, 8, 14], [8, 10, 14]], 2.02931)
([[1, 3, 11], [3, 11, 17]], 1.4372)
([[1, 11, 17], [3, 11, 17]], 1.4372)
([[1, 3, 17], [1, 11, 17]], 1.79878)
([[0, 12, 13], [0, 12, 16]], 38.7723)
([[1, 15, 17], [14, 15, 17]], 242.409)
([[4, 6, 8], [4, 6, 12]], 2.91765)
([[5, 8, 9], [5, 9, 15]], 1.69242)
([[2, 4, 10], [4, 10, 14]], 1.93792)
([[4, 6, 9], [6, 8, 9]], 1.94556)
([[4, 8, 9], [4, 8, 14]], 1.69292)
([[6, 7, 13], [7, 12, 13]], 1.46872)
([[1, 3, 11], [3, 5, 11]], 1.82079)
([[0, 6, 12], [0, 12, 16]], 3.82883)
([[0, 2, 16], [0, 10, 16]], 1.79922)
([[5, 7, 11], [5, 11, 13]], 1.82684)
([[0, 12, 13], [6, 12, 13]], 25.8058)
([[0, 2, 10], [0, 10, 16]], 1.43736)
([[4, 8, 9], [8, 9, 14]], 1.69292)
([[0, 6, 12], [6, 12, 13]], 7.05097)
([[0, 6, 12], [0, 12, 13]], 25.8058)
([[1, 9, 15], [9, 14, 15]], 7.05088)
([[5, 7, 9], [5, 9, 11]], 2.00181)
([[3, 12, 13], [7, 12, 13]], 39.7744)
([[5, 11, 13], [7, 11, 13]], 2.02835)
([[5, 8, 9], [8, 9, 15]], 1.69242)
([[2, 8, 14], [8, 14, 15]], 8.06889)
([[5, 7, 13], [7, 11, 13]], 2.02835)
([[5, 7, 9], [5, 9, 15]], 2.91765)
([[5, 7, 13], [5, 11, 13]], 1.82684)
([[0, 2, 10], [2, 10, 16]], 1.43736)
([[0, 4, 12], [4, 6, 12]], 1.78973)
([[0, 4, 6], [0, 4, 12]], 1.79878)
([[5, 8, 9], [6, 8, 9]], 1.94564)
([[5, 6, 7], [5, 7, 13]], 1.69263)
([[5, 6, 9], [6, 8, 9]], 1.94564)
([[1, 9, 15], [5, 9, 15]], 1.78936)
([[5, 6, 9], [5, 8, 9]], 1.94564)
([[1, 5, 15], [5, 9, 15]], 1.78936)
([[4, 8, 10], [4, 10, 14]], 1.82731)
([[4, 8, 10], [4, 8, 14]], 1.82721)
([[0, 6, 12], [4, 6, 12]], 1.78973)
([[2, 10, 14], [8, 10, 14]], 2.08254)
([[2, 8, 14], [2, 10, 14]], 2.08971)
([[2, 8, 14], [8, 10, 14]], 2.08971)
([[1, 14, 15], [14, 15, 17]], 242.409)
([[1, 5, 11], [3, 5, 11]], 1.82079)
([[1, 3, 11], [1, 5, 11]], 1.82079)
([[4, 6, 9], [5, 6, 9]], 1.9457)
([[0, 6, 12], [0, 10, 12]], 2.03048)
([[3, 11, 13], [5, 11, 13]], 1.93781)
([[4, 5, 6], [5, 6, 9]], 1.9457)
([[4, 6, 7], [5, 6, 7]], 1.9457)
([[4, 5, 6], [4, 6, 9]], 1.9457)
([[5, 6, 7], [5, 7, 9]], 1.94553)
([[3, 5, 11], [3, 11, 13]], 1.93781)
([[1, 14, 15], [1, 15, 17]], 38.792)
([[1, 3, 17], [3, 11, 17]], 1.79878)
([[4, 6, 8], [4, 8, 10]], 2.00214)
([[0, 4, 6], [4, 6, 12]], 1.79878)
([[4, 6, 8], [6, 8, 9]], 1.94553)
([[0, 4, 10], [2, 4, 10]], 1.82073)
([[1, 5, 9], [1, 5, 15]], 1.79832)
([[5, 7, 13], [6, 7, 13]], 1.69263)
([[0, 2, 10], [2, 4, 10]], 1.82073)
([[4, 6, 8], [4, 6, 9]], 1.94556)
([[1, 11, 15], [1, 11, 17]], 2.69991)
([[4, 6, 8], [4, 8, 9]], 1.94553)
([[8, 14, 15], [9, 14, 15]], 1.49811)
([[1, 14, 15], [9, 14, 15]], 25.8138)
([[1, 9, 15], [1, 14, 15]], 25.8138)
([[3, 11, 17], [3, 13, 17]], 100.572)
([[4, 10, 14], [8, 10, 14]], 2.02931)
([[3, 11, 13], [3, 11, 17]], 7.35002)
([[4, 6, 9], [5, 6, 9], [6, 8, 9]], 1.9457)
([[4, 8, 9], [8, 9, 14], [8, 9, 15]], 2.88277)
([[4, 6, 8], [4, 8, 10], [4, 8, 14]], 2.95696)
([[2, 4, 10], [4, 8, 10], [4, 10, 14]], 2.07061)
([[0, 2, 10], [2, 4, 10], [2, 10, 14]], 6.39277)
([[2, 4, 10], [4, 6, 10], [4, 8, 10]], 3.29871)
([[0, 4, 6], [0, 4, 10], [0, 4, 12]], 1.85948)
([[0, 4, 6], [4, 6, 10], [4, 6, 12]], 1.85786)
([[0, 4, 12], [0, 6, 12], [0, 10, 12]], 2.03048)
([[0, 12, 13], [6, 12, 13], [7, 12, 13]], 11849.8)
([[3, 5, 11], [5, 7, 11], [5, 11, 13]], 2.07046)
([[4, 5, 6], [5, 6, 7], [5, 6, 9]], 1.94587)
([[5, 7, 9], [5, 7, 11], [5, 7, 13]], 2.95678)
([[3, 7, 13], [6, 7, 13], [7, 12, 13]], 8.06875)
([[3, 7, 13], [5, 7, 13], [7, 11, 13]], 2.15592)
([[3, 11, 13], [5, 11, 13], [7, 11, 13]], 2.08234)
([[0, 6, 12], [0, 12, 13], [0, 12, 16]], 38.7723)
([[3, 5, 11], [5, 7, 11], [5, 9, 11]], 3.29865)
([[0, 6, 12], [0, 10, 12], [0, 12, 16]], 3.82883)
([[1, 5, 15], [1, 9, 15], [1, 11, 15]], 2.02972)
([[5, 7, 9], [5, 9, 11], [5, 9, 15]], 2.97375)
([[0, 6, 12], [6, 7, 12], [6, 12, 13]], 7.05097)
([[1, 9, 15], [5, 9, 15], [8, 9, 15]], 5.25816)
([[1, 14, 15], [8, 14, 15], [9, 14, 15]], 11946.6)
([[4, 6, 7], [4, 6, 8], [4, 6, 12]], 2.92623)
([[4, 6, 7], [5, 6, 7], [6, 7, 12]], 2.88498)
([[5, 6, 7], [6, 7, 12], [6, 7, 13]], 2.88236)
([[1, 5, 9], [1, 5, 11], [1, 5, 15]], 1.85949)
([[0, 4, 10], [0, 10, 12], [0, 10, 16]], 2.97078)
([[4, 8, 9], [5, 8, 9], [6, 8, 9]], 1.9457)
([[4, 5, 6], [4, 6, 8], [4, 6, 9]], 1.94584)
([[2, 10, 14], [4, 10, 14], [8, 10, 14]], 2.08254)
([[2, 8, 14], [4, 8, 14], [8, 10, 14]], 2.15505)
([[4, 6, 8], [4, 6, 10], [4, 6, 12]], 2.97385)
([[0, 6, 12], [4, 6, 12], [6, 7, 12]], 5.2589)
([[1, 3, 11], [1, 5, 11], [1, 11, 17]], 2.59804)
([[4, 5, 6], [4, 6, 7], [4, 6, 8]], 1.94603)
([[5, 6, 7], [5, 7, 9], [5, 7, 13]], 2.91592)
([[3, 7, 13], [5, 7, 13], [6, 7, 13]], 6.80209)
([[0, 4, 10], [2, 4, 10], [4, 6, 10]], 3.29755)
([[4, 6, 8], [4, 8, 9], [4, 8, 14]], 2.91595)
([[5, 7, 9], [5, 8, 9], [5, 9, 15]], 2.92623)
([[1, 9, 15], [1, 11, 15], [1, 15, 17]], 3.8284)
([[1, 3, 11], [3, 11, 13], [3, 11, 17]], 7.35002)
([[1, 5, 11], [1, 11, 15], [1, 11, 17]], 2.97082)
([[1, 5, 11], [3, 5, 11], [5, 9, 11]], 3.29755)
([[2, 8, 14], [8, 9, 14], [8, 14, 15]], 8.06889)
([[2, 8, 14], [4, 8, 14], [8, 9, 14]], 6.80315)
([[1, 3, 11], [3, 5, 11], [3, 11, 13]], 6.3907)
([[1, 9, 15], [8, 9, 15], [9, 14, 15]], 7.05088)
([[1, 9, 15], [1, 14, 15], [1, 15, 17]], 38.792)
([[1, 5, 9], [5, 9, 11], [5, 9, 15]], 1.85785)
([[0, 2, 10], [2, 10, 14], [2, 10, 16]], 7.35309)
([[0, 2, 10], [0, 4, 10], [0, 10, 16]], 2.59807)
([[4, 8, 9], [5, 8, 9], [8, 9, 15]], 2.8853)
([[5, 6, 9], [5, 7, 9], [5, 8, 9]], 1.94603)
([[8, 9, 14], [8, 9, 15], [8, 14, 15]], 1.46871)
([[2, 4, 10], [2, 10, 14], [4, 10, 14]], 1.93792)
([[4, 6, 8], [4, 6, 10], [4, 8, 10]], 2.00214)
([[0, 2, 10], [0, 10, 16], [2, 10, 16]], 1.43736)
([[2, 10, 14], [2, 10, 16], [2, 14, 16]], 100.746)
([[4, 6, 7], [4, 6, 12], [6, 7, 12]], 1.69246)
([[0, 12, 13], [0, 12, 16], [12, 13, 16]], 242.019)
([[6, 7, 12], [6, 12, 13], [7, 12, 13]], 1.49799)
([[2, 8, 14], [2, 14, 15], [8, 14, 15]], 39.7895)
([[6, 7, 12], [6, 7, 13], [7, 12, 13]], 1.46872)
([[1, 5, 11], [1, 5, 15], [1, 11, 15]], 1.87271)
([[0, 4, 6], [0, 4, 10], [4, 6, 10]], 1.81191)
([[4, 8, 9], [4, 8, 14], [8, 9, 14]], 1.69292)
([[0, 10, 12], [0, 10, 16], [0, 12, 16]], 2.69987)
([[4, 8, 14], [4, 10, 14], [8, 10, 14]], 2.02931)
([[8, 9, 15], [8, 14, 15], [9, 14, 15]], 1.49811)
([[5, 8, 9], [5, 9, 15], [8, 9, 15]], 1.69242)
([[1, 3, 11], [1, 11, 17], [3, 11, 17]], 1.4372)
([[3, 7, 13], [3, 11, 13], [7, 11, 13]], 2.08961)
([[0, 4, 10], [0, 4, 12], [0, 10, 12]], 1.87274)
([[0, 2, 16], [0, 10, 16], [2, 10, 16]], 1.79922)
([[0, 6, 12], [0, 12, 13], [6, 12, 13]], 25.8058)
([[5, 7, 13], [5, 11, 13], [7, 11, 13]], 2.02835)
([[0, 4, 6], [0, 4, 12], [4, 6, 12]], 1.79878)
([[5, 6, 9], [5, 8, 9], [6, 8, 9]], 1.94564)
([[1, 5, 15], [1, 9, 15], [5, 9, 15]], 1.78936)
([[1, 5, 9], [1, 5, 15], [5, 9, 15]], 1.79832)
([[5, 6, 7], [5, 7, 13], [6, 7, 13]], 1.69263)
([[4, 8, 10], [4, 8, 14], [4, 10, 14]], 1.82731)
([[5, 7, 11], [5, 7, 13], [5, 11, 13]], 1.82684)
([[2, 8, 14], [2, 10, 14], [8, 10, 14]], 2.08971)
([[1, 14, 15], [1, 15, 17], [14, 15, 17]], 242.409)
([[1, 3, 11], [1, 5, 11], [3, 5, 11]], 1.82079)
([[4, 5, 6], [4, 6, 9], [5, 6, 9]], 1.9457)
([[5, 6, 7], [5, 6, 9], [5, 7, 9]], 1.94553)
([[3, 5, 11], [3, 11, 13], [5, 11, 13]], 1.93781)
([[1, 3, 17], [1, 11, 17], [3, 11, 17]], 1.79878)
([[0, 2, 10], [0, 4, 10], [2, 4, 10]], 1.82073)
([[1, 5, 9], [1, 5, 11], [5, 9, 11]], 1.81154)
([[1, 11, 15], [1, 11, 17], [1, 15, 17]], 2.69991)
([[4, 6, 8], [4, 8, 9], [6, 8, 9]], 1.94553)
([[0, 4, 12], [0, 6, 12], [4, 6, 12]], 1.78973)
([[1, 9, 15], [1, 14, 15], [9, 14, 15]], 25.8138)
([[3, 11, 13], [3, 11, 17], [3, 13, 17]], 100.572)
([[5, 7, 9], [5, 7, 11], [5, 9, 11]], 2.00181)
([[3, 7, 13], [3, 12, 13], [7, 12, 13]], 39.7744)
([[4, 6, 8], [4, 6, 9], [6, 8, 9]], 1.94556)
([[4, 5, 6], [4, 6, 7], [5, 6, 7]], 1.9457)
Slice 4:
([[1, 3, 11, 13]], 6.3907)
([[1, 9, 15, 17]], 3.8284)
([[5, 7, 8, 9]], 1.94603)
([[1, 5, 11, 17]], 2.57269)
([[2, 4, 8, 14]], 2.15505)
([[4, 5, 6, 8]], 1.94584)
([[0, 4, 10, 16]], 2.57272)
([[5, 6, 7, 12]], 2.88236)
([[4, 6, 7, 8]], 1.94603)
([[4, 6, 8, 12]], 2.91765)
([[1, 14, 15, 17]], 38.792)
([[0, 4, 10, 12]], 1.85948)
([[5, 7, 9, 13]], 2.90421)
([[4, 5, 6, 9]], 1.9457)
([[1, 3, 5, 11]], 1.82079)
([[1, 9, 14, 15]], 7.05088)
([[1, 8, 9, 15]], 5.25816)
([[5, 6, 8, 9]], 1.94564)
([[3, 5, 11, 13]], 1.93781)
([[2, 10, 14, 16]], 7.35309)
([[4, 6, 8, 9]], 1.94553)
([[2, 8, 9, 14]], 6.80315)
([[2, 4, 6, 10]], 3.29755)
([[3, 5, 7, 11]], 2.07046)
([[3, 5, 9, 11]], 3.29755)
([[5, 8, 9, 15]], 1.69242)
([[4, 8, 10, 14]], 1.82721)
([[0, 4, 6, 12]], 1.78973)
([[8, 9, 14, 15]], 1.46805)
([[3, 7, 11, 13]], 2.08234)
([[2, 4, 10, 14]], 1.93792)
([[0, 6, 7, 12]], 5.2589)
([[0, 4, 6, 10]], 1.81191)
([[4, 8, 9, 14]], 1.69292)
([[5, 6, 7, 13]], 1.69263)
([[4, 6, 8, 10]], 2.00214)
([[5, 7, 11, 13]], 1.82675)
([[5, 9, 11, 15]], 1.85785)
([[0, 2, 10, 16]], 1.43736)
([[4, 6, 10, 12]], 1.85786)
([[4, 6, 7, 12]], 1.69246)
([[1, 5, 9, 15]], 1.78936)
([[2, 8, 10, 14]], 2.08254)
([[1, 8, 14, 15]], 11946.6)
([[4, 5, 8, 9]], 1.9457)
([[0, 12, 13, 16]], 38.7723)
([[2, 8, 14, 15]], 8.06889)
([[0, 6, 12, 16]], 3.82883)
([[1, 5, 11, 15]], 1.85949)
([[0, 2, 4, 10]], 1.82073)
([[1, 5, 9, 11]], 1.81154)
([[1, 3, 11, 17]], 1.4372)
([[1, 11, 15, 17]], 2.69991)
([[0, 6, 12, 13]], 7.05097)
([[5, 7, 9, 11]], 2.00181)
([[5, 6, 7, 9]], 1.94553)
([[4, 5, 6, 7]], 1.9457)
([[5, 7, 9, 15]], 2.91765)
([[6, 7, 12, 13]], 1.46805)
([[3, 7, 12, 13]], 8.06875)
([[4, 8, 9, 15]], 2.88277)
([[4, 6, 8, 14]], 2.90424)
([[2, 4, 8, 10]], 2.07061)
([[0, 2, 10, 14]], 6.39277)
([[3, 11, 13, 17]], 7.35002)
([[0, 6, 10, 12]], 2.03048)
([[3, 5, 7, 13]], 2.15592)
([[0, 10, 12, 16]], 2.69987)
([[0, 7, 12, 13]], 11849.8)
([[3, 6, 7, 13]], 6.80209)
([[1, 9, 11, 15]], 2.02972)
([[4, 6, 8, 9], [4, 6, 8, 10]], 3.63264)
([[0, 6, 7, 12], [0, 6, 12, 16]], 10.0259)
([[1, 3, 5, 11], [3, 5, 7, 11]], 3.30615)
([[5, 6, 7, 13], [5, 7, 11, 13]], 3.50892)
([[0, 7, 12, 13], [0, 12, 13, 16]], 56327.4)
([[4, 6, 7, 8], [4, 6, 8, 10]], 3.62587)
([[0, 2, 10, 16], [0, 10, 12, 16]], 5.23102)
([[4, 5, 6, 7], [5, 6, 7, 13]], 2.89985)
([[4, 5, 8, 9], [4, 8, 9, 14]], 2.89966)
([[5, 6, 7, 9], [5, 7, 9, 11]], 3.6317)
([[5, 7, 8, 9], [5, 7, 9, 11]], 3.62528)
([[2, 8, 10, 14], [2, 8, 14, 15]], 12.8195)
([[3, 5, 7, 13], [3, 7, 12, 13]], 9.96279)
([[1, 5, 9, 15], [1, 9, 15, 17]], 6.30589)
([[0, 4, 6, 10], [0, 4, 10, 16]], 3.46917)
([[0, 2, 4, 10], [2, 4, 8, 10]], 3.30667)
([[5, 6, 7, 9], [5, 7, 8, 9]], 1.94603)
([[5, 6, 8, 9], [5, 7, 8, 9]], 1.94603)
([[5, 6, 7, 9], [5, 6, 8, 9]], 1.94603)
([[4, 5, 8, 9], [5, 8, 9, 15]], 2.8853)
([[0, 2, 10, 14], [0, 2, 10, 16]], 6.78648)
([[1, 5, 9, 11], [5, 7, 9, 11]], 3.30502)
([[0, 2, 10, 16], [2, 10, 14, 16]], 7.35309)
([[1, 5, 9, 11], [5, 9, 11, 15]], 1.85785)
([[1, 5, 9, 15], [5, 9, 11, 15]], 1.85785)
([[1, 9, 14, 15], [1, 9, 15, 17]], 10.3187)
([[1, 9, 14, 15], [1, 14, 15, 17]], 38.792)
([[1, 9, 15, 17], [1, 14, 15, 17]], 38.792)
([[1, 8, 9, 15], [1, 9, 14, 15]], 7.05088)
([[1, 8, 9, 15], [8, 9, 14, 15]], 6.05354)
([[1, 3, 11, 17], [1, 11, 15, 17]], 5.23084)
([[4, 5, 8, 9], [5, 7, 8, 9]], 1.94654)
([[1, 3, 5, 11], [1, 3, 11, 13]], 6.3907)
([[1, 3, 11, 13], [3, 5, 11, 13]], 6.3907)
([[0, 2, 10, 14], [2, 10, 14, 16]], 7.35309)
([[2, 4, 8, 14], [2, 8, 9, 14]], 6.80315)
([[2, 8, 9, 14], [4, 8, 9, 14]], 6.80315)
([[2, 8, 9, 14], [2, 8, 14, 15]], 8.06889)
([[2, 8, 9, 14], [8, 9, 14, 15]], 7.349)
([[5, 7, 9, 11], [5, 9, 11, 15]], 2.97375)
([[1, 3, 5, 11], [1, 5, 9, 11]], 3.28254)
([[5, 7, 9, 15], [5, 9, 11, 15]], 2.97375)
([[4, 8, 9, 15], [5, 8, 9, 15]], 2.8853)
([[2, 4, 10, 14], [2, 8, 10, 14]], 2.08254)
([[2, 4, 10, 14], [2, 10, 14, 16]], 8.6078)
([[1, 5, 9, 15], [1, 5, 11, 15]], 1.85949)
([[1, 3, 11, 13], [1, 3, 11, 17]], 6.78412)
([[2, 4, 8, 14], [2, 8, 14, 15]], 9.96082)
([[1, 5, 9, 15], [1, 9, 11, 15]], 2.02972)
([[0, 6, 10, 12], [0, 10, 12, 16]], 3.38987)
([[3, 5, 7, 11], [3, 5, 9, 11]], 3.29865)
([[4, 8, 9, 15], [8, 9, 14, 15]], 2.88277)
([[4, 6, 7, 12], [4, 6, 10, 12]], 3.51012)
([[0, 6, 12, 13], [0, 12, 13, 16]], 38.7723)
([[4, 5, 6, 7], [5, 6, 7, 12]], 2.88498)
([[2, 4, 8, 10], [4, 8, 10, 14]], 2.07061)
([[3, 5, 7, 13], [3, 7, 11, 13]], 2.15592)
([[0, 6, 10, 12], [0, 6, 12, 16]], 3.82883)
([[4, 5, 8, 9], [4, 6, 8, 9]], 1.9457)
([[5, 6, 7, 13], [5, 7, 9, 13]], 2.91592)
([[3, 6, 7, 13], [6, 7, 12, 13]], 7.34835)
([[5, 7, 9, 13], [5, 7, 11, 13]], 2.95678)
([[2, 4, 8, 10], [2, 4, 10, 14]], 2.07061)
([[3, 5, 9, 11], [5, 7, 9, 11]], 3.29865)
([[1, 5, 11, 15], [1, 9, 11, 15]], 2.02972)
([[4, 5, 6, 7], [4, 5, 6, 9]], 1.94587)
([[4, 5, 6, 9], [5, 6, 8, 9]], 1.9457)
([[4, 5, 6, 9], [5, 6, 7, 9]], 1.94587)
([[3, 5, 7, 11], [5, 7, 11, 13]], 2.07046)
([[4, 5, 6, 8], [4, 5, 6, 9]], 1.94584)
([[0, 2, 10, 14], [2, 4, 10, 14]], 6.39277)
([[4, 6, 8, 10], [4, 6, 8, 14]], 2.95696)
([[2, 4, 10, 14], [4, 8, 10, 14]], 2.06603)
([[4, 6, 8, 14], [4, 8, 10, 14]], 2.95696)
([[0, 2, 4, 10], [0, 4, 10, 16]], 2.59807)
([[5, 7, 9, 11], [5, 7, 9, 15]], 2.97375)
([[0, 4, 6, 12], [4, 6, 10, 12]], 1.85786)
([[1, 3, 5, 11], [3, 5, 9, 11]], 3.29755)
([[0, 4, 6, 10], [0, 4, 6, 12]], 1.8578)
([[4, 5, 8, 9], [4, 8, 9, 15]], 2.8853)
([[4, 5, 6, 7], [4, 6, 7, 12]], 2.88498)
([[3, 5, 11, 13], [3, 7, 11, 13]], 2.08234)
([[2, 4, 8, 14], [4, 8, 10, 14]], 2.15505)
([[5, 6, 7, 9], [5, 7, 9, 13]], 2.91592)
([[0, 7, 12, 13], [6, 7, 12, 13]], 11849.8)
([[5, 6, 7, 13], [6, 7, 12, 13]], 2.862)
([[4, 8, 9, 14], [8, 9, 14, 15]], 2.86237)
([[2, 4, 8, 14], [4, 8, 9, 14]], 4.95792)
([[3, 5, 7, 11], [5, 7, 9, 11]], 3.29865)
([[5, 8, 9, 15], [8, 9, 14, 15]], 2.87895)
([[4, 5, 6, 9], [4, 6, 8, 9]], 1.9457)
([[3, 6, 7, 13], [3, 7, 12, 13]], 8.06875)
([[0, 6, 12, 13], [0, 7, 12, 13]], 11849.8)
([[0, 4, 6, 10], [0, 4, 10, 12]], 1.85948)
([[3, 5, 7, 13], [5, 7, 11, 13]], 2.15592)
([[4, 6, 8, 9], [5, 6, 8, 9]], 1.9457)
([[0, 4, 6, 12], [0, 6, 12, 16]], 6.30484)
([[5, 6, 7, 12], [5, 6, 7, 13]], 2.88236)
([[0, 2, 4, 10], [0, 2, 10, 14]], 6.39277)
([[4, 5, 6, 7], [4, 6, 7, 8]], 1.94603)
([[0, 6, 12, 16], [0, 12, 13, 16]], 38.7723)
([[2, 4, 8, 10], [4, 6, 8, 10]], 3.29871)
([[1, 3, 11, 17], [1, 5, 11, 17]], 2.59804)
([[3, 7, 12, 13], [6, 7, 12, 13]], 8.06875)
([[0, 6, 12, 16], [0, 10, 12, 16]], 3.82883)
([[0, 2, 4, 10], [0, 2, 10, 16]], 2.59807)
([[4, 5, 6, 7], [4, 5, 6, 8]], 1.94603)
([[4, 6, 8, 10], [4, 8, 10, 14]], 2.95696)
([[0, 4, 6, 10], [4, 6, 10, 12]], 1.85786)
([[0, 4, 6, 12], [0, 6, 7, 12]], 5.2589)
([[1, 9, 11, 15], [1, 9, 15, 17]], 3.8284)
([[0, 4, 6, 12], [0, 6, 10, 12]], 2.03048)
([[0, 6, 12, 13], [0, 6, 12, 16]], 10.318)
([[0, 6, 12, 13], [6, 7, 12, 13]], 7.05097)
([[0, 4, 10, 12], [0, 6, 10, 12]], 2.03048)
([[0, 4, 10, 16], [0, 10, 12, 16]], 2.97078)
([[1, 5, 9, 11], [1, 5, 11, 15]], 1.85949)
([[3, 5, 11, 13], [5, 7, 11, 13]], 2.06587)
([[1, 5, 9, 15], [1, 8, 9, 15]], 5.25816)
([[4, 8, 9, 14], [4, 8, 9, 15]], 2.88277)
([[4, 6, 8, 10], [4, 6, 10, 12]], 2.97385)
([[1, 5, 9, 11], [1, 5, 11, 17]], 3.46851)
([[4, 5, 6, 8], [4, 6, 7, 8]], 1.94603)
([[2, 8, 10, 14], [2, 10, 14, 16]], 13.2877)
([[0, 6, 7, 12], [6, 7, 12, 13]], 6.05403)
([[0, 4, 6, 10], [4, 6, 8, 10]], 3.30553)
([[5, 8, 9, 15], [5, 9, 11, 15]], 3.50972)
([[1, 9, 14, 15], [8, 9, 14, 15]], 7.05088)
([[3, 6, 7, 13], [5, 6, 7, 13]], 6.80209)
([[0, 6, 7, 12], [0, 6, 12, 13]], 7.05097)
([[1, 8, 9, 15], [5, 8, 9, 15]], 5.25816)
([[1, 5, 9, 15], [5, 8, 9, 15]], 4.15345)
([[1, 8, 14, 15], [8, 9, 14, 15]], 11946.6)
([[4, 6, 7, 12], [4, 6, 8, 12]], 2.92623)
([[4, 6, 7, 12], [6, 7, 12, 13]], 2.87909)
([[4, 6, 7, 8], [4, 6, 7, 12]], 2.92623)
([[0, 4, 6, 10], [2, 4, 6, 10]], 3.29755)
([[0, 4, 6, 12], [0, 4, 10, 12]], 1.85948)
([[4, 6, 8, 9], [4, 6, 8, 14]], 2.91595)
([[4, 6, 7, 12], [5, 6, 7, 12]], 2.88498)
([[5, 6, 7, 12], [6, 7, 12, 13]], 2.88236)
([[3, 7, 11, 13], [5, 7, 11, 13]], 2.08234)
([[0, 4, 10, 12], [0, 10, 12, 16]], 2.97078)
([[2, 4, 8, 14], [2, 8, 10, 14]], 2.15505)
([[0, 4, 10, 12], [0, 4, 10, 16]], 2.97078)
([[4, 5, 8, 9], [5, 6, 8, 9]], 1.9457)
([[4, 5, 6, 8], [4, 6, 8, 9]], 1.94584)
([[2, 4, 6, 10], [4, 6, 8, 10]], 3.29871)
([[4, 6, 8, 12], [4, 6, 10, 12]], 2.97385)
([[4, 6, 8, 10], [4, 6, 8, 12]], 2.97385)
([[4, 6, 8, 14], [4, 8, 9, 14]], 2.91595)
([[2, 4, 6, 10], [2, 4, 8, 10]], 3.29871)
([[0, 6, 7, 12], [4, 6, 7, 12]], 5.2589)
([[0, 4, 6, 12], [4, 6, 7, 12]], 4.15386)
([[2, 8, 14, 15], [8, 9, 14, 15]], 8.06889)
([[1, 5, 11, 15], [1, 11, 15, 17]], 2.97082)
([[4, 8, 9, 14], [4, 8, 10, 14]], 3.50976)
([[1, 5, 9, 11], [1, 5, 9, 15]], 1.85778)
([[1, 3, 5, 11], [1, 5, 11, 17]], 2.59804)
([[1, 3, 5, 11], [3, 5, 11, 13]], 4.31727)
([[1, 3, 5, 11], [1, 3, 11, 17]], 2.59804)
([[5, 6, 7, 9], [5, 6, 7, 13]], 2.91592)
([[3, 5, 7, 13], [5, 6, 7, 13]], 4.9579)
([[2, 8, 10, 14], [4, 8, 10, 14]], 2.08254)
([[3, 5, 7, 13], [3, 6, 7, 13]], 6.80209)
([[3, 7, 11, 13], [3, 11, 13, 17]], 13.2794)
([[1, 8, 9, 15], [1, 9, 15, 17]], 10.0258)
([[1, 5, 9, 11], [3, 5, 9, 11]], 3.29755)
([[5, 7, 9, 11], [5, 7, 9, 13]], 2.95678)
([[5, 7, 9, 11], [5, 7, 11, 13]], 2.95678)
([[4, 6, 7, 8], [4, 6, 8, 12]], 2.92623)
([[1, 8, 14, 15], [1, 9, 14, 15]], 11946.6)
([[0, 2, 4, 10], [0, 4, 6, 10]], 3.28259)
([[3, 7, 11, 13], [3, 7, 12, 13]], 12.8149)
([[0, 2, 4, 10], [2, 4, 6, 10]], 3.29755)
([[4, 6, 8, 9], [4, 8, 9, 14]], 2.91595)
([[5, 7, 9, 15], [5, 8, 9, 15]], 2.92623)
([[4, 5, 6, 7], [5, 6, 7, 9]], 1.94587)
([[5, 7, 8, 9], [5, 8, 9, 15]], 2.92623)
([[5, 7, 8, 9], [5, 7, 9, 15]], 2.92623)
([[0, 2, 4, 10], [2, 4, 10, 14]], 4.31788)
([[1, 9, 15, 17], [1, 11, 15, 17]], 3.8284)
([[4, 6, 7, 8], [4, 6, 8, 9]], 1.94621)
([[1, 9, 11, 15], [1, 11, 15, 17]], 3.3894)
([[3, 5, 11, 13], [3, 11, 13, 17]], 8.60339)
([[1, 3, 11, 17], [3, 11, 13, 17]], 7.35002)
([[1, 3, 11, 13], [3, 11, 13, 17]], 7.35002)
([[1, 8, 14, 15], [1, 14, 15, 17]], 57526.9)
([[1, 5, 11, 17], [1, 11, 15, 17]], 2.97082)
([[0, 2, 10, 16], [0, 4, 10, 16]], 2.59807)
([[3, 5, 7, 11], [3, 5, 11, 13]], 2.07046)
([[1, 5, 11, 15], [1, 5, 11, 17]], 2.97082)
([[0, 2, 10, 14], [2, 4, 10, 14], [2, 10, 14, 16]], 8.6078)
([[0, 2, 4, 10], [2, 4, 6, 10], [2, 4, 8, 10]], 3.30667)
([[0, 2, 4, 10], [2, 4, 8, 10], [2, 4, 10, 14]], 4.31788)
([[2, 8, 9, 14], [4, 8, 9, 14], [8, 9, 14, 15]], 7.349)
([[1, 5, 9, 11], [3, 5, 9, 11], [5, 7, 9, 11]], 3.30587)
([[1, 5, 9, 15], [5, 8, 9, 15], [5, 9, 11, 15]], 4.15345)
([[2, 4, 8, 14], [2, 8, 9, 14], [2, 8, 14, 15]], 9.96082)
([[1, 5, 11, 15], [1, 9, 11, 15], [1, 11, 15, 17]], 3.3894)
([[5, 7, 9, 15], [5, 8, 9, 15], [5, 9, 11, 15]], 3.50972)
([[3, 6, 7, 13], [5, 6, 7, 13], [6, 7, 12, 13]], 7.34835)
([[0, 4, 6, 12], [4, 6, 7, 12], [4, 6, 10, 12]], 4.15386)
([[4, 5, 6, 7], [4, 5, 6, 8], [4, 5, 6, 9]], 1.94603)
([[2, 4, 8, 14], [4, 8, 9, 14], [4, 8, 10, 14]], 4.95792)
([[0, 2, 4, 10], [0, 4, 6, 10], [0, 4, 10, 16]], 3.70926)
([[0, 2, 4, 10], [0, 2, 10, 14], [0, 2, 10, 16]], 6.78648)
([[1, 3, 5, 11], [1, 5, 9, 11], [1, 5, 11, 17]], 3.70898)
([[4, 5, 8, 9], [5, 6, 8, 9], [5, 7, 8, 9]], 1.94654)
([[1, 5, 9, 15], [1, 8, 9, 15], [1, 9, 15, 17]], 10.0258)
([[3, 5, 7, 13], [3, 6, 7, 13], [3, 7, 12, 13]], 9.96279)
([[1, 5, 9, 11], [5, 7, 9, 11], [5, 9, 11, 15]], 3.52188)
([[0, 4, 6, 10], [2, 4, 6, 10], [4, 6, 8, 10]], 3.30637)
([[2, 4, 8, 14], [2, 8, 10, 14], [2, 8, 14, 15]], 12.8195)
([[4, 6, 7, 12], [5, 6, 7, 12], [6, 7, 12, 13]], 2.89736)
([[5, 6, 7, 9], [5, 7, 8, 9], [5, 7, 9, 11]], 3.91599)
([[1, 8, 9, 15], [5, 8, 9, 15], [8, 9, 14, 15]], 6.05354)
([[4, 5, 8, 9], [4, 6, 8, 9], [4, 8, 9, 14]], 3.30907)
([[0, 4, 10, 12], [0, 6, 10, 12], [0, 10, 12, 16]], 3.38987)
([[1, 8, 14, 15], [1, 9, 14, 15], [1, 14, 15, 17]], 57526.9)
([[1, 3, 11, 13], [3, 5, 11, 13], [3, 11, 13, 17]], 8.60339)
([[4, 5, 6, 7], [5, 6, 7, 9], [5, 6, 7, 13]], 3.30925)
([[4, 6, 7, 12], [4, 6, 8, 12], [4, 6, 10, 12]], 3.51012)
([[0, 2, 10, 16], [0, 4, 10, 16], [0, 10, 12, 16]], 5.23102)
([[2, 4, 8, 10], [4, 6, 8, 10], [4, 8, 10, 14]], 3.6024)
([[4, 6, 7, 8], [4, 6, 8, 10], [4, 6, 8, 12]], 3.62587)
([[1, 5, 9, 11], [1, 5, 11, 15], [1, 5, 11, 17]], 3.46851)
([[4, 8, 9, 15], [5, 8, 9, 15], [8, 9, 14, 15]], 2.89725)
([[4, 6, 8, 14], [4, 8, 9, 14], [4, 8, 10, 14]], 3.50976)
([[1, 8, 9, 15], [1, 9, 14, 15], [1, 9, 15, 17]], 10.3187)
([[1, 5, 9, 15], [1, 9, 11, 15], [1, 9, 15, 17]], 6.30589)
([[5, 6, 7, 9], [5, 7, 9, 11], [5, 7, 9, 13]], 3.6317)
([[0, 6, 12, 13], [0, 7, 12, 13], [0, 12, 13, 16]], 56327.4)
([[3, 5, 7, 13], [5, 6, 7, 13], [5, 7, 11, 13]], 4.9579)
([[5, 7, 8, 9], [5, 7, 9, 11], [5, 7, 9, 15]], 3.62528)
([[0, 4, 6, 10], [0, 4, 10, 12], [0, 4, 10, 16]], 3.46917)
([[4, 5, 6, 9], [5, 6, 7, 9], [5, 6, 8, 9]], 1.94603)
([[1, 3, 11, 17], [1, 5, 11, 17], [1, 11, 15, 17]], 5.23084)
([[3, 5, 11, 13], [3, 7, 11, 13], [3, 11, 13, 17]], 13.2794)
([[1, 3, 5, 11], [3, 5, 7, 11], [3, 5, 9, 11]], 3.30615)
([[4, 5, 6, 7], [4, 6, 7, 8], [4, 6, 7, 12]], 3.30777)
([[4, 5, 8, 9], [4, 8, 9, 14], [4, 8, 9, 15]], 2.89966)
([[4, 5, 6, 7], [5, 6, 7, 12], [5, 6, 7, 13]], 2.89985)
([[4, 5, 8, 9], [5, 7, 8, 9], [5, 8, 9, 15]], 3.30799)
([[0, 6, 7, 12], [4, 6, 7, 12], [6, 7, 12, 13]], 6.05403)
([[0, 4, 6, 12], [0, 6, 7, 12], [0, 6, 12, 16]], 10.0259)
([[1, 3, 5, 11], [1, 3, 11, 13], [1, 3, 11, 17]], 6.78412)
([[1, 3, 5, 11], [3, 5, 7, 11], [3, 5, 11, 13]], 4.31727)
([[4, 5, 6, 8], [4, 6, 7, 8], [4, 6, 8, 9]], 1.94621)
([[3, 5, 7, 11], [5, 7, 9, 11], [5, 7, 11, 13]], 3.60228)
([[5, 6, 7, 13], [5, 7, 9, 13], [5, 7, 11, 13]], 3.50892)
([[3, 5, 7, 13], [3, 7, 11, 13], [3, 7, 12, 13]], 12.8149)
([[0, 6, 7, 12], [0, 6, 12, 13], [0, 6, 12, 16]], 10.318)
([[0, 4, 6, 12], [0, 6, 10, 12], [0, 6, 12, 16]], 6.30484)
([[0, 4, 6, 10], [4, 6, 8, 10], [4, 6, 10, 12]], 3.52223)
([[2, 4, 10, 14], [2, 8, 10, 14], [2, 10, 14, 16]], 13.2877)
([[4, 6, 7, 8], [4, 6, 8, 9], [4, 6, 8, 10]], 3.9166)
([[4, 6, 8, 9], [4, 6, 8, 10], [4, 6, 8, 14]], 3.63264)
([[4, 5, 6, 9], [4, 6, 8, 9], [5, 6, 8, 9]], 1.9457)
([[4, 8, 9, 14], [4, 8, 9, 15], [8, 9, 14, 15]], 2.88277)
([[4, 6, 8, 10], [4, 6, 8, 14], [4, 8, 10, 14]], 2.95696)
([[2, 4, 8, 10], [2, 4, 10, 14], [4, 8, 10, 14]], 2.07061)
([[0, 2, 4, 10], [0, 2, 10, 14], [2, 4, 10, 14]], 6.39277)
([[2, 4, 6, 10], [2, 4, 8, 10], [4, 6, 8, 10]], 3.29871)
([[0, 4, 6, 10], [0, 4, 6, 12], [0, 4, 10, 12]], 1.85948)
([[0, 4, 6, 10], [0, 4, 6, 12], [4, 6, 10, 12]], 1.85786)
([[0, 4, 6, 12], [0, 4, 10, 12], [0, 6, 10, 12]], 2.03048)
([[0, 6, 12, 13], [0, 7, 12, 13], [6, 7, 12, 13]], 11849.8)
([[3, 5, 7, 11], [3, 5, 11, 13], [5, 7, 11, 13]], 2.07046)
([[4, 5, 6, 7], [4, 5, 6, 9], [5, 6, 7, 9]], 1.94587)
([[5, 7, 9, 11], [5, 7, 9, 13], [5, 7, 11, 13]], 2.95678)
([[3, 6, 7, 13], [3, 7, 12, 13], [6, 7, 12, 13]], 8.06875)
([[3, 5, 7, 13], [3, 7, 11, 13], [5, 7, 11, 13]], 2.15592)
([[3, 5, 11, 13], [3, 7, 11, 13], [5, 7, 11, 13]], 2.08234)
([[0, 6, 12, 13], [0, 6, 12, 16], [0, 12, 13, 16]], 38.7723)
([[3, 5, 7, 11], [3, 5, 9, 11], [5, 7, 9, 11]], 3.29865)
([[0, 6, 10, 12], [0, 6, 12, 16], [0, 10, 12, 16]], 3.82883)
([[1, 5, 9, 15], [1, 5, 11, 15], [1, 9, 11, 15]], 2.02972)
([[5, 7, 9, 11], [5, 7, 9, 15], [5, 9, 11, 15]], 2.97375)
([[0, 6, 7, 12], [0, 6, 12, 13], [6, 7, 12, 13]], 7.05097)
([[1, 5, 9, 15], [1, 8, 9, 15], [5, 8, 9, 15]], 5.25816)
([[1, 8, 14, 15], [1, 9, 14, 15], [8, 9, 14, 15]], 11946.6)
([[4, 6, 7, 8], [4, 6, 7, 12], [4, 6, 8, 12]], 2.92623)
([[4, 5, 6, 7], [4, 6, 7, 12], [5, 6, 7, 12]], 2.88498)
([[5, 6, 7, 12], [5, 6, 7, 13], [6, 7, 12, 13]], 2.88236)
([[1, 5, 9, 11], [1, 5, 9, 15], [1, 5, 11, 15]], 1.85949)
([[0, 4, 10, 12], [0, 4, 10, 16], [0, 10, 12, 16]], 2.97078)
([[4, 5, 8, 9], [4, 6, 8, 9], [5, 6, 8, 9]], 1.9457)
([[4, 5, 6, 8], [4, 5, 6, 9], [4, 6, 8, 9]], 1.94584)
([[2, 4, 10, 14], [2, 8, 10, 14], [4, 8, 10, 14]], 2.08254)
([[2, 4, 8, 14], [2, 8, 10, 14], [4, 8, 10, 14]], 2.15505)
([[4, 6, 8, 10], [4, 6, 8, 12], [4, 6, 10, 12]], 2.97385)
([[0, 4, 6, 12], [0, 6, 7, 12], [4, 6, 7, 12]], 5.2589)
([[1, 3, 5, 11], [1, 3, 11, 17], [1, 5, 11, 17]], 2.59804)
([[4, 5, 6, 7], [4, 5, 6, 8], [4, 6, 7, 8]], 1.94603)
([[5, 6, 7, 9], [5, 6, 7, 13], [5, 7, 9, 13]], 2.91592)
([[3, 5, 7, 13], [3, 6, 7, 13], [5, 6, 7, 13]], 6.80209)
([[0, 2, 4, 10], [0, 4, 6, 10], [2, 4, 6, 10]], 3.29755)
([[4, 6, 8, 9], [4, 6, 8, 14], [4, 8, 9, 14]], 2.91595)
([[5, 7, 8, 9], [5, 7, 9, 15], [5, 8, 9, 15]], 2.92623)
([[1, 9, 11, 15], [1, 9, 15, 17], [1, 11, 15, 17]], 3.8284)
([[1, 3, 11, 13], [1, 3, 11, 17], [3, 11, 13, 17]], 7.35002)
([[1, 5, 11, 15], [1, 5, 11, 17], [1, 11, 15, 17]], 2.97082)
([[1, 3, 5, 11], [1, 5, 9, 11], [3, 5, 9, 11]], 3.29755)
([[2, 8, 9, 14], [2, 8, 14, 15], [8, 9, 14, 15]], 8.06889)
([[2, 4, 8, 14], [2, 8, 9, 14], [4, 8, 9, 14]], 6.80315)
([[1, 3, 5, 11], [1, 3, 11, 13], [3, 5, 11, 13]], 6.3907)
([[1, 8, 9, 15], [1, 9, 14, 15], [8, 9, 14, 15]], 7.05088)
([[1, 9, 14, 15], [1, 9, 15, 17], [1, 14, 15, 17]], 38.792)
([[1, 5, 9, 11], [1, 5, 9, 15], [5, 9, 11, 15]], 1.85785)
([[0, 2, 10, 14], [0, 2, 10, 16], [2, 10, 14, 16]], 7.35309)
([[0, 2, 4, 10], [0, 2, 10, 16], [0, 4, 10, 16]], 2.59807)
([[4, 5, 8, 9], [4, 8, 9, 15], [5, 8, 9, 15]], 2.8853)
([[5, 6, 7, 9], [5, 6, 8, 9], [5, 7, 8, 9]], 1.94603)
